 Pb Density=11.35
 Energy(eV), Delta, Beta
  30. -0.00681867264  0.149896398
  30.4181843 -0.00971269794  0.15099974
  30.8421955 -0.0121603142  0.152111471
  31.2721214 -0.0142861856  0.153232276
  31.7080383 -0.0161244422  0.154359654
  32.150032 -0.0177236721  0.155497074
  32.5981827 -0.019112844  0.156642154
  33.0525818 -0.0203457773  0.157795027
  33.5133171 -0.0214067902  0.159022376
  33.9804764 -0.0222500544  0.160351723
  34.4541473 -0.0228531435  0.161705777
  34.9344177 -0.0232271925  0.163070545
  35.4213829 -0.0233704634  0.164446965
  35.9151382 -0.023296807  0.165835425
  36.4157791 -0.0230027325  0.167235494
  36.9233932 -0.0224693827  0.168647066
  37.4380875 -0.0215900615  0.170070559
  37.9599533 -0.0202925988  0.171390057
  38.4890938 -0.0188744087  0.172108486
  39.0256119 -0.0175547786  0.172774658
  39.5696068 -0.0161796473  0.173442319
  40.1211853 -0.0147056356  0.174112111
  40.6804543 -0.0130920475  0.174784601
  41.2475166 -0.0112954127  0.175460026
  41.8224831 -0.00922999252  0.176138178
  42.405468 -0.00674675871  0.176775083
  42.9965744 -0.00394026376  0.176545367
  43.5959282 -0.00140958617  0.176020086
  44.2036324  0.000919488899  0.175459623
  44.8198051  0.00319088576  0.174900845
  45.4445686  0.00549478922  0.174343675
  46.0780411  0.00789817516  0.173788592
  46.7203445  0.0105061028  0.173188075
  47.3715973  0.0135305393  0.172128066
  48.0319328  0.0162077472  0.170567274
  48.7014732  0.0185828134  0.168984964
  49.3803444  0.0208165385  0.167417422
  50.0686798  0.0229852907  0.165864497
  50.7666092  0.0251194481  0.164325863
  51.4742699  0.0272480063  0.162801787
  52.1917915  0.0294015463  0.16129218
  52.9193192  0.0316501223  0.159796461
  53.6569862  0.0342923552  0.158314362
  54.4049339  0.0369237363  0.156242803
  55.163311  0.039300669  0.153872848
  55.9322586  0.0414195918  0.151517108
  56.7119217  0.0434134528  0.149197534
  57.5024567  0.0453395061  0.146913081
  58.3040123  0.0472691469  0.144664228
  59.1167336  0.0492538847  0.142449543
  59.9407921  0.0514604785  0.1402684
  60.7763329  0.0537885018  0.137656927
  61.6235237  0.0559696816  0.134612739
  62.4825172  0.0578060485  0.131470501
  63.3534927  0.0593755953  0.12840192
  64.2366028  0.0608533062  0.125404999
  65.1320343  0.0625108182  0.122477524
  66.0399323  0.0641850904  0.119150512
  66.960495  0.0655251741  0.115549468
  67.8938904  0.066486679  0.111914903
  68.8402939  0.0671861246  0.108394891
  69.7998886  0.0677035004  0.104985163
  70.7728577  0.0680740848  0.101683177
  71.7593994  0.0683301166  0.0984984115
  72.7596817  0.0685082078  0.0954183787
  73.7739182  0.0686261803  0.0924359635
  74.8022842  0.0686992332  0.089546971
  75.844986  0.0687441751  0.0867482871
  76.9022217  0.0687798113  0.0840370432
  77.9741974  0.0688256025  0.0814102739
  79.0611115  0.0692101344  0.078865692
  80.1631851  0.0694836751  0.0758095458
  81.2806168  0.0694518238  0.0726978034
  82.4136276  0.0691856444  0.0696830377
  83.5624237  0.0687812343  0.0667933077
  84.7272415  0.0682874024  0.0640233085
  85.9082947  0.0677350536  0.0613682643
  87.1058121  0.0671515316  0.0588235036
  88.320015  0.0665619895  0.0563840792
  89.5511475  0.0662065744  0.0540074445
  90.7994385  0.0657963008  0.0513796993
  92.0651398  0.0651455373  0.0486412458
  93.3484802  0.0642698333  0.0460486859
  94.649704  0.0632979274  0.0435944721
  95.9690704  0.0622669756  0.0412709489
  97.3068314  0.0612216666  0.0390713289
  98.6632385  0.0602432862  0.0368965492
  100.038544  0.0591897592  0.0347059593
  101.433029  0.0580152646  0.0325805321
  102.846954  0.0567569733  0.030585248
  104.280579  0.0554768704  0.0287124645
  105.734192  0.0541989803  0.0269539822
  107.208076  0.0529874749  0.0253036898
  108.702492  0.051855363  0.0235499367
  110.217751  0.0506022424  0.0217372738
  111.754128  0.0491856001  0.0199993905
  113.311913  0.0476575531  0.0184005853
  114.891418  0.0460610725  0.0169369746
  116.492943  0.0443356745  0.0156255383
  118.116798  0.0427040868  0.0146267787
  119.763275  0.0412014425  0.0136919962
  121.432716  0.0397608243  0.0128169851
  123.125427  0.0383632258  0.0119978506
  124.841721  0.0370019749  0.0112310918
  126.581955  0.035653051  0.0105158305
  128.346436  0.0342753381  0.00986572076
  130.135513  0.0329831466  0.00940079428
  131.949539  0.0318070464  0.0089578284
  133.788834  0.0306966417  0.00853565894
  135.653778  0.0296397917  0.00813338347
  137.544724  0.0286305808  0.00775006879
  139.462021  0.0276658144  0.00738482317
  141.406052  0.0267463997  0.00703681214
  143.377167  0.025884835  0.00670522498
  145.375778  0.0250457861  0.00631862925
  147.402222  0.0242029205  0.00593846058
  149.45694  0.0233573858  0.0055780909
  151.540268  0.0225118715  0.00523956353
  153.652664  0.0216745641  0.00493376935
  155.794495  0.0208581463  0.00467112102
  157.966202  0.0200714376  0.00442846492
  160.168167  0.0193098951  0.00419839332
  162.400818  0.0185667649  0.00398029573
  164.664597  0.0178238899  0.00377355772
  166.95993  0.0170953367  0.00360353547
  169.287262  0.0163970869  0.0034653109
  171.647034  0.0157323536  0.00333548896
  174.039703  0.015088724  0.00321053667
  176.465729  0.0144456914  0.00309024611
  178.925552  0.0138120744  0.0030055549
  181.419678  0.0132133625  0.00294711674
  183.948563  0.0126463044  0.00289707445
  186.512726  0.0121011091  0.00284831668
  189.112595  0.0115718087  0.00280307001
  191.748734  0.0110581722  0.00276452722
  194.4216  0.0105461339  0.00272648968
  197.131729  0.0100429859  0.00271920115
  199.879639  0.00956685375  0.00272785081
  202.665863  0.00910843443  0.00274049025
  205.490906  0.00866226386  0.00276611233
  208.355347  0.0082333805  0.00281237205
  211.259705  0.00783267058  0.00287140231
  214.204544  0.00745935971  0.0029316016
  217.190445  0.00710578216  0.00299311453
  220.217957  0.0067653954  0.00305592013
  223.287674  0.00643863995  0.00312587759
  226.400192  0.00613014679  0.00320491171
  229.556091  0.0058424403  0.00329042436
  232.755981  0.00557462592  0.00337821781
  236.000458  0.00532506779  0.00346833724
  239.290176  0.00509606535  0.00356089929
  242.625763  0.00488822395  0.00365587859
  246.007828  0.00471143983  0.0037534053
  249.437057  0.0045545157  0.0038278813
  252.914062  0.0044044042  0.00388032733
  256.439545  0.00425468339  0.00392965833
  260.01416  0.00410766155  0.00397965917
  263.638641  0.0039687315  0.00403024023
  267.313599  0.00383913633  0.00408149185
  271.039825  0.00372161227  0.0041334047
  274.817963  0.00361393671  0.00418000529
  278.648773  0.00351358741  0.00422218116
  282.53299  0.00341945491  0.00426361104
  286.471375  0.0033323355  0.00430543534
  290.4646  0.00325457333  0.00434767175
  294.513519  0.00318837562  0.0043903687
  298.618896  0.00313292723  0.00443343678
  302.781494  0.00310932053  0.00447657937
  307.002106  0.00310038123  0.00449113501
  311.281525  0.00308357389  0.00447531417
  315.620605  0.00305264979  0.00445955899
  320.020203  0.00301966886  0.00444386434
  324.48111  0.00298694009  0.00442822184
  329.004181  0.00295596896  0.00441262033
  333.590363  0.00292753987  0.00439707329
  338.240417  0.00290308613  0.00438160403
  342.955322  0.00288258074  0.00436462602
  347.735901  0.00286523486  0.00434507616
  352.58316  0.00285138097  0.00432561431
  357.497986  0.00284350733  0.00430626282
  362.481323  0.00284404377  0.00428698538
  367.534119  0.00286622718  0.00425802311
  372.657349  0.00288931001  0.00420520734
  377.85199  0.00289937668  0.00413821731
  383.119019  0.00289690727  0.00407229969
  388.459473  0.00289155915  0.00400743587
  393.87439  0.00288546039  0.00394358439
  399.364807  0.00288393139  0.00387851382
  404.931732  0.00287777837  0.00380409253
  410.576233  0.00286583579  0.00372829032
  416.299469  0.00284958212  0.0036539943
  422.102448  0.00283072703  0.00358117418
  427.986359  0.00280993781  0.00350980391
  433.95224  0.00278701074  0.00343986158
  440.001282  0.00276360568  0.00337315933
  446.134674  0.00274086301  0.00330807059
  452.353577  0.00271876762  0.00324430503
  458.659119  0.002697516  0.00318176625
  465.052582  0.00267728092  0.00312042981
  471.535156  0.00265982375  0.00306028174
  478.108093  0.00265031448  0.00300077535
  484.772644  0.00264072837  0.00292720878
  491.530151  0.0026228365  0.00285133743
  498.381775  0.0026004205  0.0027768563
  505.328979  0.00257522566  0.00270431838
  512.372986  0.00254820287  0.00263367407
  519.515198  0.00251995842  0.0025648775
  526.756958  0.00249104155  0.00249784882
  534.09967  0.00246231444  0.00243219966
  541.544739  0.002432195  0.00236608391
  549.093506  0.00240067183  0.00230157888
  556.74762  0.00236822083  0.00223883148
  564.508362  0.0023351775  0.0021777954
  572.377319  0.00230173487  0.00211842312
  580.355957  0.00226804102  0.00206066924
  588.445801  0.00223424216  0.00200448977
  596.648438  0.00220063166  0.0019495812
  604.965332  0.00216677785  0.0018956929
  613.398315  0.00213259156  0.00184318505
  621.948669  0.00209820946  0.00179213157
  630.618347  0.00206373213  0.00174249033
  639.408813  0.00202906248  0.00169422757
  648.321838  0.00199387711  0.00164732325
  657.35907  0.00195898744  0.00160372513
  666.522278  0.0019252554  0.00156170118
  675.813293  0.0018925739  0.0015208507
  685.233704  0.00186073524  0.00148106832
  694.785522  0.00182963419  0.00144232553
  704.470398  0.00179928192  0.00140459847
  714.290344  0.00176971883  0.00136785896
  724.247192  0.00174115656  0.00133207836
  734.342834  0.00171433657  0.00129723491
  744.579163  0.00168813812  0.00126114872
  754.958191  0.00166172779  0.00122499454
  765.481934  0.00163500838  0.00118964189
  776.152344  0.001608402  0.00115530752
  786.971436  0.00158241903  0.001121826
  797.941406  0.00155726098  0.00108813588
  809.06427  0.001531563  0.00105413527
  820.342224  0.00150518562  0.00102112012
  831.777283  0.00147864479  0.000989139662
  843.371826  0.001452083  0.000958032673
  855.127991  0.00142528152  0.00092787121
  867.047974  0.00139818701  0.000899217848
  879.134155  0.00137199811  0.000873244309
  891.388855  0.00134753471  0.000848001044
  903.814331  0.00132438156  0.000823483453
  916.413025  0.00130342087  0.000799670292
  929.187317  0.00128371571  0.000774059445
  942.139648  0.00126386923  0.000746533566
  955.272583  0.00124295242  0.000718986732
  968.588562  0.00122092559  0.000691619876
  982.09021  0.00119821774  0.000665278407
  995.779968  0.00117540697  0.00063982897
  1009.66058  0.00115283486  0.000615242112
  1023.7348  0.0011302206  0.000590877782
  1038.005  0.00110732566  0.00056693505
  1052.47424  0.00108415121  0.000543918228
  1067.14514  0.00106090703  0.000521798385
  1082.02051  0.00103768322  0.000500562193
  1097.10339  0.00101456174  0.000480188639
  1112.39636  0.00099164166  0.000460640411
  1127.90259  0.000968955341  0.000441880809
  1143.62488  0.000946528278  0.000423879857
  1159.56641  0.00092438393  0.000406607462
  1175.73022  0.000902542961  0.000390032685
  1192.11926  0.000881011598  0.000374129857
  1208.73682  0.000859785068  0.000358872232
  1225.58594  0.000838896376  0.000344235159
  1242.66992  0.000818351109  0.000330204755
  1259.99194  0.000798161374  0.000316762511
  1277.55554  0.000778344052  0.00030388587
  1295.36401  0.000758912647  0.000291546865
  1313.42078  0.000739865587  0.000279704545
  1331.72913  0.000721180404  0.000268341537
  1350.29272  0.000702870369  0.000257436535
  1369.11511  0.0006849356  0.000246971467
  1388.19983  0.000667374348  0.000236929758
  1407.55054  0.000650185393  0.000227293829
  1427.17102  0.00063336984  0.0002180468
  1447.06506  0.000616933219  0.000209173028
  1467.23621  0.000600880769  0.000200629918
  1487.68884  0.000585218542  0.000192389911
  1508.42639  0.000569863245  0.000184338569
  1529.453  0.000554763596  0.000176560527
  1550.77271  0.000539919012  0.000169099207
  1572.38977  0.000525350973  0.00016195167
  1594.30786  0.000511073857  0.000155106143
  1616.53174  0.000497084344  0.000148549167
  1639.06531  0.000483374199  0.000142264689
  1661.91296  0.000469953055  0.000136246512
  1685.0791  0.000456817972  0.00013048308
  1708.56824  0.000443981611  0.000124963044
  1732.38477  0.000431438617  0.000119653741
  1756.53333  0.000419155142  0.0001145188
  1781.01831  0.000407095213  0.000109584922
  1805.84485  0.000395244104  0.000104845189
  1831.01721  0.00038361465  0.000100311496
  1856.54065  0.000372209208  9.59743775E-05
  1882.41992  0.000361022801  9.18243386E-05
  1908.65979  0.000350048213  8.78534411E-05
  1935.2655  0.000339277467  8.40546199E-05
  1962.24194  0.000328700698  8.04197989E-05
  1989.59473  0.000318275415  7.69414764E-05
  2017.32861  0.000308043556  7.36440124E-05
  2045.44897  0.000297979248  7.04463309E-05
  2073.96143  0.000288032898  6.73639879E-05
  2102.87134  0.000278181367  6.44092361E-05
  2132.18433  0.000268412696  6.15790777E-05
  2161.90576  0.000258698943  5.88680414E-05
  2192.0415  0.000248970813  5.62712485E-05
  2222.59741  0.000239155837  5.37831875E-05
  2253.57935  0.000229213154  5.1402094E-05
  2284.99292  0.00021903633  4.91215797E-05
  2316.84448  0.00020846579  4.6938123E-05
  2349.13989  0.000197248024  4.48482133E-05
  2381.8855  0.000184945908  4.28467429E-05
  2415.08789  0.000170607469  4.09304412E-05
  2448.75293  0.000149489584  3.90964815E-05
  2482.88721  3.18866878E-05  3.73444964E-05
  2517.49707  0.000131069071  9.53619092E-05
  2552.58984  0.000134072994  9.08961811E-05
  2588.17163  7.68922255E-05  0.00012599802
  2624.24927  0.000147915009  0.000120131001
  2660.82983  0.000157289353  0.000114536822
  2697.92041  0.000161187141  0.000109207031
  2735.52783  0.000162956349  0.000104126717
  2773.65967  0.00016334423  9.92845962E-05
  2812.323  0.000162749959  9.46701766E-05
  2851.52539  0.000161408519  9.02726315E-05
  2891.27393  0.000159457297  8.60809378E-05
  2931.57666  0.000156960625  8.20847199E-05
  2972.44141  0.000153807778  7.8274963E-05
  3013.87549  0.000149874686  7.4643227E-05
  3055.88745  0.000131785986  7.11797911E-05
  3098.48486  0.00014233969  7.8688463E-05
  3141.67603  0.000144262725  7.50139006E-05
  3185.46924  0.000143321959  7.15120623E-05
  3229.8728  0.000141651195  6.81752717E-05
  3274.89575  0.000139570868  6.49939466E-05
  3320.54614  0.000137210445  6.19619241E-05
  3366.83252  0.000134663453  5.90735181E-05
  3413.7644  0.000131946072  5.63203866E-05
  3461.35059  0.000129022272  5.36958178E-05
  3509.59961  0.000125358085  5.11938488E-05
  3558.52148  0.000118028292  5.17603403E-05
  3608.12549  0.000120864403  4.93715488E-05
  3658.4209  0.000118813507  4.70928389E-05
  3709.41724  0.000116469819  4.49184809E-05
  3761.12451  0.000114089344  4.28454041E-05
  3813.55249  0.000110923422  4.08691558E-05
  3866.71143  0.000107343585  4.06849758E-05
  3920.61133  0.000106820007  3.88079061E-05
  3975.26221  0.000104782281  3.70176167E-05
  4030.67554  0.000102609876  3.53091782E-05
  4086.86084  0.000100399309  3.36751109E-05
  4143.82959  9.81770936E-05  3.21147963E-05
  4201.59229  9.5957701E-05  3.06250622E-05
  4260.16016  9.37507866E-05  2.92027162E-05
  4319.54443  9.15627534E-05  2.78448115E-05
  4379.75635  8.93979886E-05  2.65484887E-05
  4440.80811  8.72587407E-05  2.531061E-05
  4502.71045  8.51474178E-05  2.41286089E-05
  4565.47559  8.30685094E-05  2.30012865E-05
  4629.11572  8.10239071E-05  2.19252779E-05
  4693.64355  7.90145787E-05  2.08982965E-05
  4759.07031  7.70412225E-05  1.99185106E-05
  4825.40918  7.51045882E-05  1.89836974E-05
  4892.67285  7.32048065E-05  1.80918705E-05
  4960.87402  7.13412228E-05  1.72411073E-05
  5030.02588  6.95156996E-05  1.6429447E-05
  5100.14209  6.77281205E-05  1.5655387E-05
  5171.23486  6.59785874E-05  1.49172556E-05
  5243.31885  6.42669474E-05  1.42133467E-05
  5316.4082  6.25928878E-05  1.35420678E-05
  5390.51611  6.09561575E-05  1.29021173E-05
  5465.65723  5.93555524E-05  1.22916836E-05
  5541.84521  5.77915453E-05  1.17098862E-05
  5619.09521  5.62638779E-05  1.11552654E-05
  5697.42285  5.47721465E-05  1.06265306E-05
  5776.8418  5.33157763E-05  1.01224841E-05
  5857.36768  5.18941451E-05  9.6420672E-06
  5939.01611  5.05067728E-05  9.1842503E-06
  6021.80273  4.9152819E-05  8.74786474E-06
  6105.74316  4.78318179E-05  8.3318555E-06
  6190.85449  4.65433623E-05  7.93552226E-06
  6277.15186  4.52869717E-05  7.55788051E-06
  6364.65137  4.40620133E-05  7.19798481E-06
  6453.37158  4.28677959E-05  6.85500527E-06
  6543.32812  4.17037409E-05  6.52827566E-06
  6634.53809  4.05691462E-05  6.21700428E-06
  6727.02051  3.94632225E-05  5.92034894E-06
  6820.7915  3.83856423E-05  5.63779713E-06
  6915.86914  3.73358635E-05  5.36860216E-06
  7012.27295  3.63131876E-05  5.11214512E-06
  7110.02002  3.53169962E-05  4.86784847E-06
  7209.12988  3.43467545E-05  4.63511333E-06
  7309.62109  3.3401735E-05  4.41344491E-06
  7411.51318  3.24812572E-05  4.20237848E-06
  7514.82617  3.15849975E-05  4.00124645E-06
  7619.57861  3.07123228E-05  3.8096814E-06
  7725.79102  2.98626401E-05  3.62724222E-06
  7833.48438  2.90354037E-05  3.45350031E-06
  7942.67969  2.82300771E-05  3.28804413E-06
  8053.396  2.74461217E-05  3.13037913E-06
  8165.65625  2.66827956E-05  2.98029136E-06
  8279.48047  2.59397675E-05  2.83736813E-06
  8394.89258  2.52165646E-05  2.70127339E-06
  8511.91211  2.45126448E-05  2.5716356E-06
  8630.56348  2.3827497E-05  2.44817988E-06
  8750.86914  2.31606446E-05  2.33063565E-06
  8872.85156  2.25115655E-05  2.21866685E-06
  8996.53418  2.18797359E-05  2.11212432E-06
  9121.94141  2.12647683E-05  2.01060925E-06
  9249.0957  2.06662025E-05  1.9139593E-06
  9378.02344  2.00836148E-05  1.82192866E-06
  9508.74805  1.95165867E-05  1.73429635E-06
  9641.29492  1.89646962E-05  1.65086192E-06
  9775.68848  1.84276123E-05  1.57142733E-06
  9911.95703  1.79051403E-05  1.49581535E-06
  10050.125  1.73963999E-05  1.4220908E-06
  10190.2178  1.68999049E-05  1.35195501E-06
  10332.2637  1.64158628E-05  1.28526563E-06
  10476.29  1.59440497E-05  1.22186111E-06
  10622.3232  1.54840764E-05  1.16158469E-06
  10770.3926  1.50355336E-05  1.10427857E-06
  10920.5264  1.45980111E-05  1.04980279E-06
  11072.7529  1.41706505E-05  9.98020482E-07
  11227.1006  1.37531633E-05  9.48788568E-07
  11383.6006  1.33450067E-05  9.01992166E-07
  11542.2822  1.29455102E-05  8.57513101E-07
  11703.1748  1.25538709E-05  8.15238195E-07
  11866.3105  1.21690628E-05  7.75056208E-07
  12031.7207  1.17897798E-05  7.36861011E-07
  12199.4365  1.14129843E-05  7.0056808E-07
  12369.4902  1.1034309E-05  6.66065546E-07
  12541.9141  1.0646655E-05  6.33278489E-07
  12716.7412  1.02297718E-05  6.02118007E-07
  12894.0059  9.56965323E-06  5.72505712E-07
  13073.7412  8.01510942E-06  1.35311257E-06
  13255.9824  9.35151184E-06  1.28477177E-06
  13440.7637  9.24706364E-06  1.21989342E-06
  13628.1211  9.07653157E-06  1.15828141E-06
  13818.0889  8.88201703E-06  1.09979328E-06
  14010.7061  8.67404833E-06  1.04425442E-06
  14206.0068  8.45765044E-06  9.91521802E-07
  14404.0312  8.23482424E-06  9.41454857E-07
  14604.8164  8.00525049E-06  8.9391142E-07
  14808.3994  7.76595698E-06  8.4878269E-07
  15014.8203  7.48905404E-06  8.05924685E-07
  15224.1182  6.75977071E-06  1.06723712E-06
  15436.335  7.11079565E-06  1.01723026E-06
  15651.5098  6.96780216E-06  9.69561711E-07
  15869.6816  6.53666621E-06  1.05655306E-06
  16090.8965  6.698579E-06  1.00690852E-06
  16315.1953  6.57758119E-06  9.59605245E-07
  16542.6191  6.4398705E-06  9.144008E-07
  16773.2148  6.29727947E-06  8.71233567E-07
  17007.0254  6.15299223E-06  8.30016688E-07
  17244.0938  6.00849353E-06  7.90670811E-07
  17484.4668  5.86470469E-06  7.53120048E-07
  17728.1914  5.72223871E-06  7.17285616E-07
  17975.3125  5.58151714E-06  6.83089525E-07
  18225.8789  5.44272416E-06  6.50465267E-07
  18479.9375  5.30609987E-06  6.19339971E-07
  18737.5371  5.17191893E-06  5.89652586E-07
  18998.7285  5.04026821E-06  5.61344734E-07
  19263.5605  4.91121409E-06  5.34353433E-07
  19532.084  4.78479933E-06  5.08621724E-07
  19804.3516  4.66104484E-06  4.84095494E-07
  20080.4141  4.5399579E-06  4.60714631E-07
  20360.3223  4.42148121E-06  4.38429197E-07
  20644.1348  4.30569071E-06  4.17191558E-07
  20931.9023  4.19256457E-06  3.96957518E-07
  21223.6816  4.08207916E-06  3.77682142E-07
  21519.5293  3.97420308E-06  3.59320154E-07
  21819.5  3.8689027E-06  3.41830969E-07
  22123.6523  3.7661448E-06  3.25173801E-07
  22432.0449  3.66585778E-06  3.09307126E-07
  22744.7324  3.56803503E-06  2.94198969E-07
  23061.7832  3.47263699E-06  2.79814458E-07
  23383.252  3.3796216E-06  2.66119798E-07
  23709.2012  3.28894521E-06  2.53082987E-07
  24039.6953  3.20056256E-06  2.40673415E-07
  24374.7949  3.11442432E-06  2.28861353E-07
  24714.5664  3.03047182E-06  2.17618549E-07
  25059.0742  2.94866868E-06  2.06919182E-07
  25408.3848  2.86897784E-06  1.96736963E-07
  25762.5645  2.7913502E-06  1.87048144E-07
  26121.6797  2.71573981E-06  1.77829634E-07
  26485.8008  2.64210234E-06  1.6905885E-07
  26855.  2.57039255E-06  1.60715743E-07
  27229.3438  2.50056087E-06  1.52778469E-07
  27608.9062  2.43256022E-06  1.45227716E-07
  27993.7598  2.3663556E-06  1.38045877E-07
  28383.9766  2.30190517E-06  1.31215202E-07
  28779.6348  2.23916504E-06  1.24718838E-07
  29180.8066  2.17809315E-06  1.1854079E-07
  29587.5723  2.1186479E-06  1.12665603E-07
  30000.0059  2.06079062E-06  1.07078932E-07
